a <- c(45, 65, 87)
b <- c(24, 45, 68)
c <- c(51 ,100, 150)

#1. a + b
a+b

# 2.a+c
a+c

#3 
c-a

#4.
c / b

#5.
a * b

#6. 
c %% b

#7.
b ^ a

#8.
b > a

#9.
c < b

#10.
a == b

#11.
a != b

#12.
a & b

#13.
c | a

BasicsSalary<-c(10000,12000,15000)
HRA<-c(2000,4000,5000)
DA<-c(1000,1500,2000)

Investment<-c(120000,190000,210000)
Expense<-c(50000,80000,77000)
Return<-c(65000,90000,75000)

#14.
HRA+DA

#15.
BasicsSalary>DA
#16.
BasicSalary%%HRA
#17.
HRA*DA
#18.
HRA%in%BasicSalary
#19.
HRA!=DA
#20.
Investment>Expense
#21.
Expense==Return
#22.
Investment | Expense
#23.
Expense%%Return
