a <-c(3,6,9)
b <-c(2,4,6)
c<-c(5,10,15)

#1. a + b
a+b

# 2.a+c
a+c

#3 
c-a

#4.
c / b

#5.
a * b

#6. 
c %% b

#7.
b ^ a

#8.
b > a

#9.
c < b

#10.
a == b

#11.
a != b

#12.
a & b

#13.
c | a


Salary<-c(32000,35000,40,000)
Expenses<-c(12000,17000,19000)
Saving<-c(20000,18000,21000)

Sales<-c(120000,190000,210000)
Profit<-c(50000,80000,77000)
Marketing<-c(65000,90000,75000)


